























0.478260869565
0.478260869565
0.144927536232
0.0869565217391
0.123188405797
0.130434782609
0.478260869565
0.123188405797
0.478260869565
0.478260869565
0.144927536232
0.130434782609
0.0869565217391
0.130434782609
0.130434782609
0.478260869565
0.123188405797
0.478260869565
0.478260869565
0.0869565217391
0.123188405797
0.478260869565
0.036231884058
0.130434782609
0.130434782609
0.130434782609
0.0869565217391
0.130434782609
0.123188405797
0.478260869565
0.130434782609
0.123188405797
0.478260869565
